43 30
46 57 55 53 55 46 42 39 31 32 37 50 49 53 46 30 36 52 46 41 38 57 39 32 50 32 43 37 55 59 
42 42 48 59 57 43 46 31 52 39 33 51 59 44 37 38 44 35 30 53 46 31 50 56 33 32 50 46 31 45 
45 44 57 56 35 46 39 43 47 54 45 42 45 44 57 44 44 33 50 37 48 36 38 38 54 33 41 44 49 42 
30 56 48 49 52 46 36 54 59 45 40 44 58 47 51 47 32 57 42 52 56 31 50 56 31 45 59 34 59 40 
39 51 37 57 41 51 35 39 37 57 46 47 33 36 35 46 53 59 44 58 51 32 59 33 59 30 48 58 35 40 
39 36 53 38 55 56 51 31 35 59 58 44 38 31 50 43 40 44 34 54 34 47 56 33 51 47 55 39 46 52 
41 47 58 35 47 54 31 38 55 59 37 45 43 38 38 33 51 48 39 56 34 43 43 53 38 56 40 34 58 48 
48 39 57 47 36 44 33 30 53 50 59 52 35 34 30 35 59 44 46 39 32 42 44 37 57 45 34 38 41 32 
48 59 33 46 38 40 52 41 40 45 31 31 30 58 35 30 56 34 36 42 35 38 46 42 38 44 57 42 44 30 
36 32 59 39 40 38 41 33 41 51 40 43 44 40 33 49 41 59 46 39 33 43 48 50 55 56 56 44 30 40 
44 36 42 36 37 45 36 49 48 47 32 58 52 39 39 56 50 42 47 36 51 43 42 31 55 59 49 51 44 49 
31 50 47 35 48 47 50 54 58 30 34 52 59 56 31 30 44 52 42 32 50 55 45 32 49 40 32 38 53 38 
50 54 50 59 51 39 46 42 55 44 34 59 59 33 56 30 55 40 52 59 34 43 55 41 37 44 43 31 44 36 
39 34 52 52 56 44 31 42 48 48 49 52 48 48 48 36 48 43 38 33 43 43 38 30 54 37 36 38 39 50 
36 48 47 59 40 43 43 33 47 53 52 36 45 32 46 55 38 57 39 46 30 44 51 30 44 38 37 50 38 46 
32 44 57 49 43 59 32 48 33 50 41 47 48 49 41 35 44 49 32 45 57 54 59 49 54 35 49 53 55 57 
40 58 41 59 39 47 58 42 35 53 54 39 40 42 50 51 39 56 32 41 42 30 57 33 41 51 39 30 45 56 
57 47 54 30 46 34 47 44 38 45 38 32 46 40 36 36 54 46 32 48 49 36 40 47 40 51 30 41 43 37 
37 32 46 54 55 32 50 42 39 50 49 39 44 35 41 50 33 57 58 58 46 40 34 56 57 36 40 49 47 45 
49 47 48 35 33 43 38 53 47 39 43 37 48 57 34 51 39 30 49 38 58 35 48 54 53 37 31 33 48 40 
49 37 49 59 43 52 34 43 37 51 52 42 50 32 31 47 45 41 47 34 41 37 31 51 31 47 50 54 50 38 
35 31 46 46 52 51 39 56 34 38 40 48 51 30 42 52 39 57 55 56 54 36 33 47 49 57 34 39 51 47 
40 56 40 48 35 33 39 44 51 35 44 31 45 35 54 49 58 33 38 45 52 32 52 47 50 33 44 46 43 36 
33 53 54 44 33 59 47 42 35 38 39 50 32 54 47 56 35 37 51 43 53 43 38 45 31 50 48 37 36 53 
35 40 38 30 54 41 51 33 45 49 33 54 31 35 40 48 53 45 56 45 59 49 50 37 56 43 57 36 51 55 
30 56 35 30 48 51 42 32 46 49 51 50 44 52 47 54 40 33 32 58 40 53 47 30 30 43 44 49 42 57 
44 42 45 42 34 34 33 38 36 50 58 49 32 42 33 41 58 43 44 52 42 54 45 51 47 45 57 31 56 39 
58 41 43 43 53 47 39 48 56 37 30 54 48 54 58 51 36 48 35 42 41 39 59 56 30 46 34 49 39 30 
58 59 33 41 34 48 59 36 37 47 43 37 41 32 32 31 45 30 49 50 34 30 51 33 57 44 41 31 33 50 
53 32 41 57 35 46 45 34 52 52 51 57 52 54 51 46 55 37 38 45 49 42 37 33 46 34 47 49 57 42 
32 51 36 43 40 42 51 55 46 35 40 30 33 54 46 46 40 42 45 48 49 35 30 56 30 38 53 47 58 42 
51 30 55 58 35 35 40 57 53 48 32 33 40 57 57 57 36 59 31 51 39 50 48 39 38 48 40 53 57 30 
36 49 52 31 47 57 59 57 46 52 37 41 55 48 38 44 45 36 35 46 58 44 58 38 53 58 57 55 52 54 
55 50 35 47 43 52 37 42 41 53 34 49 34 51 59 35 57 44 41 32 52 31 46 42 40 32 32 59 57 54 
53 45 36 51 54 50 43 31 32 47 47 59 58 51 50 57 56 40 41 30 42 55 31 59 37 41 53 31 32 50 
56 48 57 54 39 52 44 44 45 39 31 32 38 59 46 50 56 34 30 59 34 35 54 36 56 53 39 49 55 42 
31 43 30 59 59 31 43 44 45 58 45 47 53 53 38 39 35 35 43 58 56 40 33 43 46 51 58 47 40 45 
51 41 50 43 40 50 44 45 34 52 44 49 39 59 34 39 38 31 36 43 59 33 53 54 46 31 45 36 41 47 
52 32 59 42 38 31 32 44 47 58 36 53 47 37 52 43 47 52 45 53 57 36 48 51 53 56 44 30 33 55 
48 55 50 39 59 58 40 32 34 49 30 41 42 40 40 56 53 49 40 38 43 38 37 53 51 30 50 35 30 53 
31 48 40 51 57 39 41 30 33 45 49 34 48 54 36 59 42 59 40 53 30 53 53 37 39 44 59 59 41 59 
44 42 40 46 55 59 55 36 51 51 44 33 47 32 57 53 53 39 52 34 54 44 49 39 43 58 53 42 49 35 
34 33 39 44 49 35 35 37 33 49 50 47 52 37 42 49 30 35 50 44 31 37 59 43 46 42 41 32 55 53 
59
51 48 38 57 30 35 32 37 39 51 49 56 43 56 38 54 56 36 37 32 37 44 31 50 30 36 54 54 53 47 53 44 57 32 41 57 59 35 56 38 49 45 35 32 41 35 49 59 41 56 32 41 40 55 53 32 31 39 57 
46 48 42 30 46 44 33 43 36 39 40 44 58 55 41 52 59 47 33 58 50 59 52 53 31 48 47 34 41 56 53 58 45 35 50 31 42 46 44 48 55 46 32 45 42 36 59 41 53 33 31 35 32 46 59 34 34 46 30 
37 34 53 57 49 50 40 42 32 56 49 50 43 35 45 58 47 51 57 50 36 30 44 41 33 30 32 59 56 40 59 33 45 44 53 56 34 33 31 59 51 50 49 34 55 56 32 35 39 51 47 37 44 31 41 39 31 43 38 
57 54 59 53 31 43 38 57 39 33 58 38 54 40 50 58 36 38 52 33 48 35 50 55 49 52 36 58 45 42 58 43 36 57 58 37 32 36 56 42 39 47 50 33 57 32 53 55 41 37 58 59 34 41 46 54 33 45 44 
48 57 43 53 55 40 51 54 35 57 50 47 58 59 59 53 49 54 46 44 35 45 35 56 50 46 42 36 49 49 42 59 46 55 45 33 58 36 57 33 56 40 42 46 39 33 40 58 57 56 35 32 34 40 50 46 48 55 44 
59 44 56 58 53 52 43 56 42 42 54 37 30 34 49 46 35 44 56 34 42 45 31 36 41 33 57 57 51 52 41 50 58 59 40 51 43 54 48 55 58 42 32 50 46 43 36 51 50 55 47 54 32 40 30 43 43 49 40 
34 33 43 54 32 34 35 53 48 51 41 43 41 45 38 31 53 43 59 37 55 54 54 49 56 57 42 31 40 31 33 37 57 46 53 59 51 50 44 31 41 48 36 44 33 44 37 57 50 37 34 45 53 50 57 42 39 39 43 
50 32 47 49 59 55 42 50 38 33 35 39 36 45 46 43 40 52 50 37 34 57 33 50 51 46 47 55 47 48 38 59 50 47 48 50 43 31 40 43 56 37 53 32 52 31 45 33 53 58 32 58 55 58 40 38 36 49 33 
53 37 34 53 57 51 33 39 56 34 42 40 52 49 55 47 34 56 54 59 41 52 53 31 48 51 33 48 49 52 44 35 51 40 50 41 53 53 50 50 50 32 52 42 44 47 59 48 35 54 47 38 46 40 40 56 54 43 37 
35 58 51 40 49 53 30 52 46 54 43 58 36 37 50 48 51 59 48 31 56 34 48 35 50 51 45 39 37 50 46 42 48 59 45 30 52 37 52 38 31 57 37 59 57 49 48 48 49 58 50 45 32 30 42 44 43 57 53 
50 40 31 55 58 30 40 50 44 47 35 53 41 54 52 40 51 33 50 40 44 48 52 52 50 52 34 35 58 54 50 48 34 52 35 54 52 37 45 37 55 42 52 58 36 36 30 50 39 51 52 46 39 44 38 52 58 42 57 
48 36 47 37 40 39 34 35 54 42 42 53 59 46 45 57 44 43 49 34 44 40 56 30 42 32 38 34 53 51 31 41 49 40 40 30 42 45 57 36 49 31 59 48 47 36 45 31 41 34 58 55 37 46 56 49 41 34 53 
56 47 46 59 37 56 40 59 30 47 56 36 58 57 57 46 36 55 53 37 36 49 57 32 56 44 50 37 55 54 30 51 42 38 50 41 35 52 40 57 31 36 34 59 55 53 45 31 41 30 30 47 50 58 41 46 34 31 54 
59 48 46 42 52 55 32 33 52 47 43 49 40 41 45 40 36 39 47 59 42 48 59 59 38 49 33 46 53 56 40 44 44 49 56 36 44 51 39 58 30 44 39 40 55 55 50 31 56 30 52 38 48 44 59 48 33 54 34 
49 51 37 55 57 56 52 34 32 35 35 30 35 42 39 37 37 56 58 31 52 50 53 52 38 37 44 56 33 38 30 44 59 37 39 57 55 31 53 57 58 50 49 55 32 51 33 32 47 53 33 32 43 48 46 51 56 30 39 
51 39 31 35 30 39 44 49 56 38 42 54 36 55 43 54 57 34 57 51 44 50 54 38 33 43 54 46 31 55 55 44 56 56 49 56 57 55 46 54 33 50 40 32 45 53 48 35 50 45 56 56 57 43 34 30 48 50 38 
41 45 33 55 41 51 44 30 41 31 38 35 57 58 45 51 36 30 39 41 42 54 59 30 51 34 34 43 52 55 51 33 32 46 50 36 59 56 58 40 58 36 37 55 34 44 46 40 45 55 43 49 41 35 50 54 39 46 37 
54 33 50 49 36 36 40 34 35 58 32 38 56 38 45 43 34 30 51 37 37 38 50 48 49 47 38 43 49 47 42 35 50 32 54 48 30 56 52 36 55 46 36 43 54 51 57 51 43 40 58 42 49 40 31 30 58 31 36 
47 48 48 52 31 43 38 49 43 35 34 41 52 42 47 57 59 31 54 50 44 57 48 57 46 58 50 38 56 51 44 35 32 55 49 33 38 58 44 43 55 40 55 39 53 34 36 52 35 53 42 50 50 30 39 58 50 59 36 
47 42 51 44 44 38 34 39 38 54 54 51 49 56 38 50 49 43 56 33 48 49 45 30 31 37 31 59 58 52 36 37 35 49 43 49 49 47 59 57 33 45 40 44 41 49 34 31 54 53 56 34 42 42 57 36 41 58 35 
31 51 33 30 56 44 44 37 55 53 58 52 57 43 55 33 47 44 38 40 30 31 36 34 35 48 53 41 52 52 39 45 35 34 46 53 41 52 30 36 45 51 59 34 34 46 38 51 30 38 31 52 39 38 48 36 48 42 40 
32 34 49 48 31 45 56 54 56 48 46 33 55 37 54 52 34 40 52 47 32 30 41 46 31 49 34 59 59 46 39 54 42 50 42 43 36 38 59 32 48 46 57 43 45 43 35 49 45 49 37 39 49 40 55 42 51 30 42 
50 46 43 36 59 34 48 34 40 48 34 34 58 42 54 42 57 37 39 39 53 59 38 54 40 48 50 45 39 50 49 51 58 32 58 57 36 38 54 38 49 58 43 47 40 37 51 59 36 53 30 51 44 38 46 46 56 36 31 
57 48 42 49 46 45 39 44 43 47 38 52 58 58 57 46 30 34 59 51 32 52 52 54 36 30 32 53 49 38 46 38 56 59 57 42 36 58 48 49 38 48 41 36 38 30 44 38 34 44 52 59 36 44 45 35 44 47 50 
55 47 36 34 43 35 53 47 33 52 58 53 30 38 56 36 39 57 51 39 53 57 31 52 33 45 37 30 52 46 50 47 33 57 51 38 54 37 56 58 59 46 43 59 46 39 57 55 36 40 35 52 37 36 36 33 52 44 33 
36 30 54 53 56 43 37 34 59 44 52 49 43 38 32 34 55 34 53 42 32 34 47 54 41 46 31 36 38 37 40 44 59 56 59 55 31 36 30 52 42 52 42 47 53 36 51 40 40 37 52 43 41 40 37 44 48 30 51 
48 37 53 54 37 41 53 54 34 52 54 56 34 39 38 44 32 45 57 42 47 34 34 30 45 36 30 30 54 30 43 42 30 58 36 59 39 52 53 35 44 48 31 40 57 32 54 59 39 52 33 56 56 37 57 34 36 49 56 
30 49 39 35 41 37 33 40 38 55 34 43 39 44 36 42 33 38 36 32 47 50 57 36 47 34 33 51 32 44 47 55 55 48 30 37 47 33 47 47 59 43 52 30 57 58 42 30 37 41 54 46 31 51 52 48 48 47 31 
50 31 40 37 49 50 37 56 59 33 43 46 54 49 38 54 46 59 59 47 58 40 41 44 33 55 59 44 43 38 45 55 32 48 33 51 38 32 47 30 35 52 46 51 41 47 38 58 46 37 37 44 39 40 50 42 57 41 56 
32 50 34 58 52 52 53 43 52 47 52 44 45 44 31 36 48 40 44 38 48 43 45 32 44 47 44 57 45 56 45 47 46 49 37 30 33 52 43 48 40 35 32 55 41 55 31 51 35 38 59 53 43 36 47 58 46 32 55 
